01000100
01111111
10000000
01101101
00101000
10000000
11001001
00101100
01111111
01111111
10000000
01111111
01011100
11111000
01011011
11100110
11110000
01111111
01111111
01111111
01010101
10000000
01011011
01111111
00111110
01111111
01011100
11011001
00100101
10011100
01110001
10000000
10000000
10011001
10000000
01111111
00101001
10100000
01111111
10000000
11110011
11100001
00101001
00101000
10010010
11111100
11101011
01010000
01111111
01111111
10010010
00001010
10000000
10000000
11111111
01111111
10011110
00101111
11100011
01111111
10000000
00000100
01000110
01111111
01111111
00001011
10000000
10100010
10000000
01111111
10110010
01011111
11101000
01110001
10011111
10000000
10000000
00111110
11101001
11100111
01111111
00100101
00011001
01111111
10011010
01011000
01101010
11100001
00011011
10000000
10000000
00001101
01011100
01111111
10101011
00011000
11110110
10000000
11001000
10000000
01101011
10001111
00001101
10111011
00100111
10110100
00111110
01011110
01111111
11100111
10000000
10010101
01111111
10000000
01111010
00010000
01111111
10000000
11100111
10000000
01111111
01101001
01111111
10000000
11000100
11011101
01111111
11011101
01011001
10000000
11010011
10010111
10000000
01000001
00100100
00000100
10000000
01111111
00101100
11011010
00000011
11011111
10000000
11011100
10010110
10000100
10000000
10111100
10000000
01111010
01000010
11111101
11111100
10011011
01111111
11101111
10100101
01111111
11100011
10110101
